2 0.363137803965016 0.38915733585415874 0.057647717770882796 0.07877054565639736
3 0.36203629551119804 0.23875344935353646 0.06392647923997011 0.1730692486740654
3 0.7454679135253839 0.05935277352771335 0.16436152669212864 0.11413994909175644
3 0.4687675067164854 0.7671561477768756 0.06283161178112012 0.1347152354290109
1 0.616400245631991 0.30081098555963076 0.0393017056403767 0.08311344307555073
1 0.6930707861435457 0.2444355881246642 0.06765047692195977 0.14303243692071518
1 0.8527796764126873 0.22414044504807623 0.038013125127577756 0.14109956615151634
1 0.8307445536637073 0.4008775472661054 0.07577548163905282 0.23774310461145856
1 0.4740308901265037 0.656063200585719 0.06146277397816704 0.13238135933759032
1 0.46366586611243504 0.9219895561046373 0.08219282200630787 0.11383342162820298
