2 0.8908572305659047 0.6577677652017339 0.049893837455586405 0.028065283568767255
2 0.03446952871737956 0.3280921388810285 0.025127319999585097 0.012241514871592757
2 0.08794561999854786 0.3229378168298316 0.027704481025183567 0.017395836922789697
4 0.011275079486993314 0.32970286452202757 0.019972997948388155 0.012885805127992285
4 0.06056328410156408 0.3251928327272303 0.025771610255984713 0.014174385640791556
4 0.13240164769012147 0.31585062400943575 0.06120757435796369 0.010952934358793449
4 0.1829784328174915 0.40991700144378 0.08118057230635188 0.016107256409990497
4 0.18587773897128976 0.5052719593909234 0.08569060410114919 0.019972997948388097
4 0.5066811887975328 0.3118346277115432 0.5650399132724088 0.02136529479772376
4 0.9415150674075289 0.6656504229619216 0.047165268219734 0.03207238238941867
4 0.915574169886676 0.6887614043895914 0.16507843876906902 0.04433535212655002
3 0.9265881067268785 0.5685382891613785 0.14564257504108125 0.06277697200046603
3 0.9067947785630187 0.28227529683925395 0.18641044287396036 0.05022157760037282
3 0.8936116144429228 0.19627084519861404 0.21277677111415463 0.04645495928034367
3 0.09992347168299556 0.3056146615580731 0.0778466353383801 0.02455210640009559
3 0.0314105522825923 0.31261865927873284 0.061616062719566926 0.01713130289725518
3 0.029605766721352844 0.2881779485850266 0.0015028307980382127 0.0009016984788229365
3 0.9001208759004435 0.7849571347136886 0.20257786352354892 0.031083157311022677
1 0.19274563103192366 0.29420881679339356 0.06776400689335953 0.04727085964738356
1 0.9153370654813717 0.6218927911680985 0.09265000381283756 0.05963678406343604
