2 0.4811343653235437 0.573288390941142 0.03801312512757731 0.06507331589636177
2 0.3116860278904442 0.571355520171943 0.039301705640376654 0.0921335066651453
2 0.3455112663514241 0.566201198120746 0.028348771281583182 0.059918993845164296
2 0.3774036340432052 0.5504160868389552 0.03543596410197892 0.07989199179355269
4 0.4820643150019265 0.6264853952350434 0.03994599589677627 0.062496154870762904
4 0.445661915515348 0.5024595208781168 0.02641590051238431 0.051543220511969495
4 0.45178267295114444 0.5517477254926877 0.0231944492303863 0.056053252306766804
0 0.3402392031604042 0.6480118084286466 0.09294044269626342 0.13021343273591063
0 0.41454315083684384 0.6146113368346772 0.055667452656615934 0.08761572983345665
3 0.4130909564197146 0.5257854449869472 0.04017737887390551 0.09584483153052163
3 0.43221151624524823 0.455354015756185 0.09294044269626343 0.062444359936551896
1 0.5752152274901658 0.3114249119792351 0.03344447748539781 0.06952930845648411
1 0.338683561063833 0.48040753506335077 0.0981331378847856 0.10033343245619408
1 0.34242406183522694 0.7435627658037169 0.08801178285630971 0.14169897039865895
