2 0.5785007072135785 0.7977369165487977 0.35360678925035366 0.17256011315417255
2 0.5318246110325319 0.7093352192362093 0.0905233380480906 0.04101838755304101
2 0.7234794908062231 0.7291371992510683 0.09759547383309763 0.04667609654736823
2 0.5014144271570014 0.446958981612447 0.18528995756718522 0.14427157001414428
4 0.5770862800565771 0.9151343732052197 0.3479490806223481 0.16690239927555894
4 0.4434229137199434 0.6994342291371994 0.08628005657708628 0.043847241867044036
4 0.6272984442591704 0.7164073550212163 0.1004243278890142 0.04950495049504936
3 0.20438472405766134 0.44200848656294206 0.11173974566119775 0.09476661951909479
3 0.5190947668130836 0.32531824611032534 0.18953323865106061 0.09900990099009906
3 0.7298444128836866 0.324611032776039 0.10749646367402138 0.11173974491468293
1 0.49575671859351716 0.6166902404526167 0.1824611031241394 0.15275813295615273
1 0.22984441281916537 0.2312588404139457 0.12305516227199394 0.1173974535426888
