2 0.7382571907254804 0.14627034476108583 0.13057610176096943 0.16949782440125827
2 0.2636632824019573 0.3929838447229173 0.08537668192063379 0.06277697200046603
2 0.24203601699553584 0.5637372085641847 0.03458891446773526 0.047710498720354176
4 0.8226482741857075 0.28808944968268535 0.08659455517744269 0.14128585318424874
4 0.2182574501968856 0.39641326718822895 0.011148154306482567 0.03858976490705515
4 0.28343127537324536 0.5752125112575843 0.047165268219734 0.0771795298141103
4 0.24398396013492232 0.6060843231832282 0.03344446291944778 0.04287751656339407
3 0.2534398354571176 0.2918686229602418 0.08867070425309997 0.15564538512512233
3 0.3477703718965857 0.5399579337960428 0.04716526821973403 0.0707479023296012
1 0.39635059816291174 0.5409012391604374 0.05188179504170733 0.07263451305839042
1 0.2597167523444555 0.4851807091754081 0.07561092265185614 0.12513075227595827
