2 0.39135293288590395 0.35235300770057437 0.05131086940522877 0.04114550848532495
2 0.5097067778819269 0.38744770611452795 0.05373119343377738 0.045502091736712276
2 0.6436908864417364 0.2814349678687307 0.04913385067722104 0.05324712862806753
4 0.6059186119940193 0.2918975426344844 0.022912158346890914 0.04946116722503382
4 0.68702037884095 0.3413587098595183 0.04036904089690366 0.07855597147505375
4 0.507723647650202 0.42737022492363935 0.04982485227815886 0.0403690408969026
4 0.3922536432829365 0.39336567245642956 0.049461167225033346 0.0436422063750293
3 0.63646815645654 0.3871830265533003 0.06437225440316854 0.07055490030629794
3 0.5606398228799259 0.3289934180532603 0.04582431669378147 0.08655704264380928
1 0.6408323770940434 0.3295389456329486 0.06582699461567035 0.05055222238440907
1 0.5169976165048958 0.32553841004856976 0.05455275796878723 0.08255650705943136
1 0.6336841650503655 0.45213124962938983 0.06825313760506914 0.07357785046787489
