2 0.7207897876071315 0.1417761597735648 0.24663168636195695 0.21536851485128802
4 0.7150003114014511 0.25163147077633796 0.2535790578087738 0.19539482194169205
3 0.8226845688270852 0.39610521790898173 0.1146316288724583 0.07792108656826491
2 0.8267372021710706 0.5855395109389184 0.07873687639724494 0.041684228680894365
4 0.8267372021710696 0.6341711110666287 0.08105266687951648 0.04863160012771002
4 0.3514212056847619 0.5560131822899522 0.13547374321290653 0.053842128712822596
2 0.3421580437556743 0.5955263573937166 0.13547374321290673 0.04776317869685877
2 0.36878963430180073 0.4483289248643083 0.14010532417745014 0.06252634302134251
4 0.32540792540792546 0.7307692307692306 0.05407925407925407 0.054545454545454536
1 0.8251417251821526 0.4455197674859954 0.11048286673498525 0.061331040195404675
