2 0.3515576250141532 0.4836721775678087 0.13401237333112057 0.17073691794589876
2 0.7513397291101163 0.4379275693634355 0.04316744717877407 0.034147383589179785
4 0.20468419392662818 0.46387156044590144 0.14270230472322099 0.15068937401743177
4 0.7486735528755207 0.4678650950930067 0.043662645475015784 0.03301321974940187
3 0.8178948200920086 0.5022094930581104 0.040467817757331236 0.014376724729578357
3 0.7031472578985226 0.4750534574577958 0.049519829624102146 0.04419511676129607
3 0.8397261428295133 0.5570957359987386 0.08626034837747071 0.10055367219960981
1 0.06507331589636106 0.4867835482478535 0.13014663179272207 0.06700618666556078
1 0.8618990654430501 0.5060557900027078 0.04639570526011001 0.013959769724281017
1 0.9601735981395509 0.4677690686265556 0.07801047787098117 0.056865532553320414
