2 0.5521518597045447 0.6259925395911459 0.1102215562600999 0.11075402754638063
2 0.13691427734165096 0.2618079709085273 0.047438350959551075 0.06873720241077785
2 0.17830181822983093 0.24462367030583299 0.041145508485324986 0.015974138588420245
2 0.3203748387056292 0.2864952759997223 0.03872518445677642 0.06680094318793917
4 0.5487478312268379 0.6924200960755964 0.10606855720702385 0.12321649599883377
4 0.17822386028402787 0.2741440980509839 0.03696494879965021 0.050606775142378276
0 0.2369717253406144 0.2752442453366876 0.08141089914208671 0.07040942628504834
3 0.062208328337073696 0.2607727965245728 0.09321247911600113 0.07240969407723712
3 0.6317063258368365 0.5441926562636508 0.04493563735843792 0.5311666751873293
1 0.3874075796028729 0.29596313445435035 0.09746759423756657 0.07455543589067581
1 0.7596041798842208 0.8078498467281418 0.2603984980376838 0.13601820986884827
1 0.4335561159314307 0.6516437797959646 0.09016984788229288 0.0953614451846066
