2 0.36424048355891686 0.8292108276422598 0.13468513992827255 0.1746341221103876
2 0.3693767812680459 0.5758201406585606 0.12897814247368478 0.11299854960083877
2 0.3625283843225404 0.7304797716778908 0.133543740437355 0.02511078880018676
2 0.6564387532338134 0.6026430286951233 0.4177522136758286 0.159795928728459
2 0.5417281043965981 0.7441765655689013 0.18833091600139804 0.12783674298276668
4 0.36595258279529325 0.6756925961138475 0.1266953434918496 0.08674636130973497
3 0.4286158797665166 0.14948584412617147 0.10489045374185778 0.13394794430548057
3 0.5721315343795315 0.14133557238271643 0.17647110122785534 0.12756947076712455
1 0.3765250125366075 0.30504972653385926 0.09851198020350153 0.18001469763805325
1 0.4761000716631687 0.3029235686877406 0.1034730151777787 0.18284957476621144
1 0.580990525405026 0.29831689335448347 0.10063813804961985 0.18355829404825086
1 0.6876527773519829 0.2908753408930676 0.10843405015205555 0.18568445189436977
