2 0.19531335890311752 0.47693766960839346 0.10044315520074554 0.10272595418258082
2 0.46753713748695636 0.5368611428815655 0.06962536894597136 0.08788776080065247
2 0.7717201018164874 0.39190340753503483 0.09587755723707547 0.1426749363646956
2 0.6147776718153222 0.6492889927369455 0.06505977098230112 0.08218076334606465
4 0.21850151986060118 0.5507159136654287 0.05917097285748451 0.04201996623212665
4 0.5576626758770523 0.499691668954989 0.06688892583889551 0.12520234836511213
4 0.611837049089785 0.7131399939375833 0.06400856935004356 0.07891965652817888
3 0.746001601636346 0.5793795131201288 0.015441667302139592 0.03727299003964738
3 0.7491964293540301 0.49844387760546616 0.05271465734178705 0.041532760329892685
3 0.7439327412255912 0.7278483392199483 0.17266978871509767 0.19715281845828284
1 0.5166838702400117 0.6744405543289684 0.13764382750355464 0.19680138740933784
