2 0.35615440073906085 0.41382406606956457 0.0268435937711745 0.03652488988536855
2 0.4573679510238178 0.4782926970118119 0.02508335811404841 0.02024271005695134
2 0.52073643468036 0.4263657451265882 0.013641826342727648 0.044886009256718123
2 0.6019273043653071 0.5680647155252481 0.08009072239924209 0.05720765885660157
4 0.35673751228361994 0.44521659443868644 0.025247557407042008 0.03366340987605596
4 0.4820736008400071 0.4797817027935654 0.023444160449396064 0.01743283725724325
4 0.6021497816032605 0.6276602533205259 0.08145342925367131 0.06011323192152838
3 0.3133141965037993 0.4785971276845241 0.04800642701253278 0.104013925193821
3 0.47970010830860027 0.5340590982861242 0.034550080046898586 0.04691537185315655
1 0.31304248718869543 0.4092789902931153 0.04479070499769286 0.04479070499769286
1 0.46490418620448454 0.5784123191363227 0.031696067740442334 0.040166568602112276
1 0.7380095285025203 0.6178957828302352 0.11120947905482786 0.10055304248692044
