2 0.5013771310420512 0.3852126047259476 0.054312071200628934 0.042065231616173336
2 0.5548904953132592 0.4629534125229263 0.02502615045519171 0.03674051875336666
2 0.5897673645646434 0.467479418456312 0.053247128628067415 0.04685747319269943
4 0.5538255527406976 0.49413335366846717 0.02502615045519171 0.025558621741472366
0 0.5011108953989108 0.35116481330210575 0.04526005933385747 0.030350863317998533
3 0.4657015548612459 0.4379576329658564 0.08626034837746976 0.061234197922277155
3 0.5945596061411699 0.329865961850879 0.08093563551466262 0.20074167492781553
3 0.6443456714084119 0.3090995816859327 0.022896265310068872 0.2401445501125855
3 0.5498320180935924 0.3498336350864041 0.013844253443297627 0.18742989277079794
1 0.5849751229881173 0.5314063437081146 0.041532760329892685 0.08732529095003087
1 0.4569157786376149 0.5290102229198517 0.11128649883266091 0.09318247509911781
1 0.38636333320542526 0.5002567734606952 0.020233908878665864 0.12832557999364266
1 0.38875945399368816 0.3256061915606333 0.01757155244726235 0.13045546513876563
1 0.46437037664554326 0.2611771659206714 0.1251307522759582 0.025026150455191673
1 0.5934946635686073 0.22656653231242746 0.08519540580490839 0.06868879593020741
