2 0.25745047600263116 0.3695881856087888 0.014126609501559244 0.042980960823893
2 0.3681416125690995 0.47492300076218813 0.08561146150568331 0.14841987018041378
2 0.41834833415304007 0.47732332211281464 0.04520605210346837 0.14041879901165819
2 0.7946535742164559 0.2843640677339792 0.03745956047190049 0.046551686800031786
4 0.7865897673760373 0.31909599030744057 0.02158288947771859 0.022912158346890654
4 0.347792866658195 0.3700376114641709 0.05520739106441276 0.06920926560973477
4 0.2725827976718937 0.2862263909714574 0.038405141610026235 0.046406212778781715
4 0.268582262087516 0.36963755790573316 0.009601285402506524 0.04040540940221504
0 0.7431642726421473 0.5125978425010556 0.02717837229110616 0.31317738097903236
3 0.24270058821919485 0.23706043177497926 0.015649312442381526 0.04918355339034157
1 0.6725520839551591 0.3196734452681739 0.021782916256936746 0.06631687838222959
1 0.7047423935348546 0.3184632832538996 0.04453396212529299 0.07260972085645577
1 0.7524227768972608 0.30031085303978533 0.05179493421093844 0.11665961817603893
