2 0.3761898717370692 0.2844241469935356 0.03993521799808235 0.08838997657665622
2 0.38724694870995013 0.44494713035017325 0.03758901237812804 0.07734122950457406
2 0.407662761619109 0.32390645436411974 0.028220978172875846 0.060169255349716406
2 0.46277353974915897 0.45090085614206094 0.044727588047576816 0.03407816232196325
2 0.7045155037205854 0.35452355332525853 0.03407816232196309 0.0862603483774694
2 0.7039830324343052 0.512401289707479 0.0330132197494018 0.0846629345186274
2 0.3932860368895308 0.5941356321515628 0.037805461325927964 0.08093563551466275
2 0.7053142106500071 0.6612270142229272 0.031415805890559874 0.07667586522441731
2 0.3991432210386183 0.7379028794473453 0.03354569103568274 0.07774080779697883
2 0.40526664083084596 0.8772653685123042 0.03620804746708593 0.0740135087930139
2 0.7045155037205858 0.8043168022918517 0.02875344945915657 0.07720833651069782
2 0.7042492680774456 0.9318436753560735 0.02822097817287599 0.05005230091038371
4 0.6435475414414484 0.42120371181290545 0.030350863317998533 0.04472758804757675
4 0.40926017547795096 0.38286577920069675 0.027156035600314467 0.06176666920855844
4 0.3810391973050744 0.3682228188279782 0.0346106336082435 0.08146810680094317
4 0.7050479750068667 0.27237798729745655 0.03514310489452455 0.08146810680094341
4 0.46383848232172026 0.48110673151948147 0.045792530620138126 0.028220978172875773
4 0.7045155037205859 0.43291808011107996 0.03514310489452444 0.0734810375067333
4 0.38849379531300426 0.5189121928454095 0.03354569103568277 0.07188362364789132
4 0.7053142106500068 0.5881334600618973 0.032480748463121205 0.06975373850276867
4 0.39461721510523257 0.6666729747882956 0.03301321974940194 0.0660264394988045
4 0.7061129175794278 0.7337643568596621 0.029818392031717877 0.06602643949880374
4 0.40074063489746026 0.8088428082252375 0.029285920745437153 0.060701726635997065
4 0.4071302903328284 0.9321099109992137 0.03248074846312128 0.03780546132592764
4 0.7050479750068668 0.8756679546534615 0.028753449459156335 0.06229914049483914
1 0.7053142106500069 0.20209177750840734 0.04738994447898023 0.0527146573417869
1 0.4518578783804051 0.32429393770982246 0.06336408306740048 0.08626034837746953
1 0.421240779419265 0.46433388600163944 0.043662645475015485 0.066026439498804
