0 0.2714524132575147 0.7837270040060761 0.24375734818236613 0.03427856515152018
3 0.646199671277637 0.5022270091643011 0.041823647941392934 0.27505145606922765
3 0.6333264055743187 0.6634701814812566 0.020402731480326806 0.09761306825881669
3 0.2686226631899942 0.9509711848676363 0.24169134220179425 0.08700888319264685
3 0.2748375834180395 0.161211264097197 0.30384054448225495 0.3224225281943929
3 0.7223601556078991 0.4097847206641188 0.059974439409935194 0.16807464943899336
1 0.2419156924235142 0.7443580712803397 0.07525007434214512 0.018042415485543587
1 0.2498367528805818 0.41409385611203625 0.03564477205680555 0.06424860148510599
1 0.24829654668059623 0.5084864932254292 0.036964948799650274 0.12101620142742614
1 0.21111156842380566 0.3731683770838522 0.03828512554249485 0.05456730537091218
1 0.20638212545464257 0.51927915812764 0.042463304509443224 0.24645543500229705
1 0.1409038873647946 0.38220524513361687 0.032716382891685825 0.15087783200743288
