2 0.17842792477591643 0.35672283666253035 0.08060973113918178 0.06345872451382398
2 0.16642222013816596 0.6217058890243089 0.07717952981411023 0.10805134173975439
2 0.7667463098951321 0.37087241712844965 0.08575503312678834 0.17065251592230982
4 0.1796008749210779 0.4170982708580756 0.08359799194606608 0.062299140494839096
4 0.23837419737859605 0.628265766253984 0.07602854877809039 0.11134927800027646
4 0.840504780312126 0.3673642385877189 0.07018939682790702 0.17087487641552593
0 0.6569305606517336 0.34357391213170385 0.10968908497381925 0.0708186810753299
3 0.6528808703764836 0.48518625830076667 0.07928334158130397 0.05382538786253676
3 0.8407242003156742 0.5180997556086017 0.06873647504067193 0.10946920099069977
1 0.7134344317218373 0.5717433009445757 0.15820299810948313 0.1287445088063378
1 0.6868854228436941 0.6893954156305935 0.15456614757823062 0.13565452481571755
1 0.2982926244329562 0.4684753633712043 0.060386473884808355 0.03360876148339979
1 0.19588118673918328 0.5109615402944083 0.1448321898683439 0.12992299385248487
