2 0.3553188240004318 0.6430869527042195 0.032132900540884704 0.016144173309371786
2 0.6134100680080636 0.3003269856131986 0.0889375266279015 0.06810829176709175
2 0.542987416811992 0.41621026844992437 0.06248770458242905 0.045956565804008
2 0.5469548901188128 0.5038253039755533 0.06314895013356563 0.0446340747017348
4 0.3238813028417979 0.6603230650272984 0.038321525685389136 0.018289537874057925
4 0.6126615521927126 0.36501040876380836 0.08771067021277573 0.06311889351760498
4 0.5431214725380348 0.4605084749300547 0.06339213548088492 0.04426519805130752
4 0.5470834810055905 0.5487656290693903 0.06311889351760476 0.04426519805130695
3 0.16837447463744468 0.4731940293267287 0.022257299766532235 0.22081584242059635
3 0.4715033715968942 0.5140184629003515 0.09074711982250591 0.06349159628507459
1 0.4898100889335093 0.33720135875548957 0.13113755645590172 0.11177496422751337
1 0.46912731996227663 0.4263132888975041 0.08625154719918367 0.06556877822795083
