2 0.1431435590493891 0.18567273752607164 0.034557386479615836 0.08551488857667654
2 0.20727972548189655 0.3145307888059953 0.025771610255984675 0.03514310489452459
2 0.2617515380684097 0.3262451571041701 0.03514310489452463 0.03514310489452463
2 0.3469735674376318 0.345866724003613 0.05798612307596553 0.04275744428833832
2 0.50628897629281 0.3449881463812499 0.07907198601268028 0.028114483915619673
2 0.436881344126124 0.4255244284312021 0.11011506200284382 0.10250072260903015
2 0.46031008072247365 0.6668404153736044 0.13822954591846345 0.24658745267658097
2 0.45152430449884234 0.8538632554802683 0.1722012139831702 0.20675860046278635
4 0.44810250649916883 0.9300526355749463 0.16264577471846128 0.13602221040442714
4 0.436484951162136 0.5106104814274879 0.10649425725613519 0.10165360919903811
4 0.42172097458799 0.3472386095004623 0.09052011866771494 0.03243234198255017
4 0.2987685139377249 0.3359409751625354 0.03727299003964728 0.0406614436796152
4 0.23220960315264041 0.3187566745598409 0.02323511067406585 0.028559823536872565
4 0.18501328459594418 0.30713911922280795 0.019846657034097923 0.025655434702614385
0 0.15164976198074226 0.4017611693228151 0.05851868017936058 0.058849746125285665
3 0.14811063430106394 0.2672198880935916 0.04796642165668899 0.0981331378847857
1 0.14888047690432304 0.3375693214886564 0.04868674982074218 0.043967115909547834
1 0.45547079684833913 0.27689059765591706 0.15974138588420275 0.10737437508469828
1 0.43658088235294124 0.09283088235294118 0.13419117647058826 0.18566176470588236
