2 0.5103140053917885 0.45197275239463386 0.0372895213682768 0.0883899765766563
2 0.2907201573341582 0.2820982661613727 0.33836787908251187 0.14915808547310727
4 0.6373745967207317 0.3525340287458956 0.1560635523931586 0.0828656030406152
4 0.6408273301807573 0.24895202494512667 0.005524373536041125 0.0027621867680204916
0 0.6332313165687009 0.40294393726226985 0.1560635523931586 0.04557608167233831
1 0.5123856454678039 0.3035052136135316 0.06629248243249215 0.16158792592919957
1 0.38256286737084005 0.3967290170342237 0.14915808547310733 0.055243735360410044
1 0.5745348477482652 0.5244801550551721 0.03590842798426664 0.20854510098554813
1 0.5096234586997833 0.578342797031572 0.060768108896451095 0.0952954434967075
1 0.5271347761938447 0.636079120372917 0.09213350666514647 0.026222613435464514
1 0.15009611814878782 0.6764761194491717 0.052445226870928924 0.06874577035783862
