2 0.48192098986394216 0.4480856380541061 0.06860402650143124 0.10376359008341476
2 0.559344156446421 0.43022472476908397 0.05566745265661608 0.043081767708163535
2 0.21260667417193305 0.5194223668712443 0.07028620978904926 0.047443191607608244
4 0.212104848360167 0.5673043959255634 0.07068159876573399 0.0478622178305897
4 0.5602148391743538 0.4689839635980292 0.05492163461921471 0.03825387485915464
3 0.15947434735423358 0.4174374391791143 0.10524481338287765 0.07639993860386675
3 0.13764579346741448 0.5433414196334456 0.08029789465508444 0.10056726612141631
1 0.15011925283131108 0.4731782107115272 0.10680399580336469 0.05067342866583004
1 0.13576605497146688 0.6527734580543408 0.08257409410849878 0.1233764644551178
1 0.21230657712598167 0.6478193952860996 0.07481001542786343 0.12013608359886417
1 0.48454256892501113 0.5398014169815046 0.06339213548088467 0.08825715413933516
1 0.5517600918918107 0.5292816013952366 0.05574136050905388 0.07924016935110632
