2 0.2532946258836311 0.43736628865120325 0.07321480186359293 0.07028620978904908
2 0.2588589508252642 0.4994524406315301 0.0351431048945247 0.03514310489452463
2 0.6258346586220519 0.7788401245430004 0.08956867576811811 0.09488638321521642
2 0.5628180843174063 0.3421870462285325 0.04562858867189028 0.029871639160345978
2 0.6606617834526622 0.33047267793035756 0.056228967831239374 0.02870020233052832
4 0.2582582106271916 0.5303165810324119 0.03382270994064807 0.029094804250019878
4 0.7563536477295877 0.34371846106771575 0.051606909038472815 0.09401258623287671
4 0.517521673342237 0.346718862755999 0.04520605210346845 0.02320310638939084
4 0.6091339382244868 0.33511730956130364 0.046806266337219356 0.02800374909064409
4 0.534671167395837 0.5799721912276392 0.050294036053307 0.05530417336780626
4 0.5411150274302794 0.7632631031752106 0.07965003229602537 0.08566135548817826
0 0.5445636503150346 0.3797879400366919 0.07141451952277598 0.06116521348015497
3 0.585560874485519 0.4811238207484088 0.10447679707961638 0.08199444834096539
3 0.3579270935066704 0.2997772283491367 0.054552757968787266 0.12993475079838385
1 0.7954059952719309 0.29343624692483866 0.017192384329556807 0.16531138778420346
1 0.6088047613997767 0.5967241905155336 0.1016136038431943 0.08761172929787228
