2 0.27090661242268893 0.14378537708646955 0.046551686800032126 0.11856132731883194
2 0.25111648289078553 0.2853785233428621 0.031640599621896574 0.06837278998754663
2 0.28014119300807067 0.383482603547581 0.03891430068440174 0.12401660311570956
4 0.30802808073651394 0.11348377188863454 0.0309132295156458 0.11128762625632638
4 0.2849340798630607 0.2689591320996783 0.03564113520627415 0.07382806578442577
4 0.24670561775993644 0.38775786115791766 0.03186001291841035 0.11661966992776546
4 0.26552452702575136 0.5402645786966126 0.09081215776537425 0.16842254810230295
3 0.21971212370621526 0.18718405958908185 0.03125888059919487 0.11301287601247427
3 0.2604388383330511 0.21949492174690385 0.05199794561212236 0.09287494331876171
3 0.30372036531655194 0.1900394381053544 0.04117756386624651 0.0898692817226857
