2 0.6296733689862944 0.33381774269427644 0.05276306382235802 0.03824111965106667
2 0.6301574337920041 0.4057013663421676 0.05373119343377723 0.036788925233937585
2 0.5453674120021023 0.5899511725410066 0.051279592490660095 0.036004820259399536
4 0.48735964602862525 0.5443086983737879 0.025457953718767287 0.035641135206274155
4 0.6291968167474721 0.3704672429799193 0.052370647650035664 0.03418639499377342
4 0.6304697144334104 0.44011293065340423 0.0520069625969105 0.03164059962189661
0 0.43262504553327547 0.39028807837524526 0.03382270994064804 0.025094268665642117
0 0.48972359887393935 0.3851964876314918 0.07891965652817881 0.009819496434381705
3 0.4343194920266748 0.4324206126719594 0.03497497129979851 0.0368876650427561
1 0.5266752756152051 0.550597761790419 0.05246245694969765 0.04317223019818869
1 0.633103020312639 0.6004644200889597 0.07568802382847002 0.09809386481740319
