2 0.33176612199833294 0.546212380582307 0.05862370565298356 0.04013875342006096
2 0.39171018147896924 0.47016000564099564 0.01901309372529204 0.033801055591916984
2 0.563356166498966 0.6286024533919055 0.04013875342006088 0.02851964058793797
4 0.33123797854718523 0.5826903831124407 0.05967998433324761 0.030704685510159268
4 0.4088747800051514 0.47068814717350826 0.014259820245604104 0.03063220655741481
4 0.5638843080397004 0.6581783769645817 0.04013875332333099 0.030632206557414738
0 0.7315692318911102 0.5784290116168292 0.07763679952337019 0.04964530028270684
3 0.5044683900997979 0.633619797569413 0.057567422668245175 0.04277946088190667
3 0.5071090975616441 0.5757883041951267 0.030104065065045663 0.014787961706051274
1 0.4892385420403867 0.5192474024592019 0.027934756621181975 0.00960257258853126
