2 0.38327148693607654 0.8550739940157261 0.12691744902764804 0.18523087155386458
2 0.6309276281432148 0.37252557268902103 0.0951816291152492 0.07132169364899375
2 0.5624995061710659 0.5454983244280175 0.05488322120114498 0.0377322145757872
4 0.3691219064701562 0.3735594830088052 0.10547869074595063 0.07803708014537819
4 0.6242431300223541 0.5450695492623835 0.06002852318875235 0.043735066894662465
4 0.511715818477959 0.8400668632185377 0.12949010002145153 0.182658220560061
0 0.5060075716689612 0.1894388868383303 0.14756188244150614 0.11471900509129136
3 0.6316341920337271 0.2754846616544345 0.09292127445912741 0.10879916502699036
3 0.5828402425766014 0.27236778868080674 0.002000267792189021 0.002800374909064445
1 0.3946100938970001 0.28229281105866555 0.15052963263154692 0.08727204382140277
