4 0.22887038805060847 0.3095163325799735 0.044879267183212966 0.08773708537783903
0 0.8130149492673734 0.7398394961923102 0.1275926331698111 0.01764011853846543
0 0.1997110083435178 0.6765389923152402 0.10843405015205548 0.013744939827951958
3 0.43678182626561934 0.4072114234376281 0.1098514887161348 0.038270841230136854
3 0.7713475124926251 0.20757648159295164 0.079210604570679 0.11401526415476576
3 0.842957099452984 0.19857527652810195 0.06400856935004366 0.11921596041445653
1 0.36963812058593115 0.3324198736933645 0.04443669898388165 0.042097925353151065
1 0.16638944963286006 0.28267855452093704 0.09043258038825011 0.07921875828812254
1 0.3168738535406531 0.6120151974355924 0.06140149109181527 0.14074035874968419
1 0.47528933878751944 0.6960207020945455 0.14859278016706576 0.018250743492885732
1 0.3097426470588233 0.12040441176470586 0.3731617647058821 0.24080882352941171
