2 0.5715995206618015 0.4609772452122654 0.04334316270324706 0.07907198601268035
2 0.5613494484008984 0.5974496358860026 0.021671581351622917 0.06267187039523563
2 0.5873191101303298 0.6066290647157004 0.03636850531252456 0.06744704621595508
4 0.5475645276239307 0.4054955024932416 0.025203374181579575 0.057607712415039314
4 0.571167687571759 0.5359129625439557 0.038805195168463306 0.07761039033692807
3 0.26353683553058355 0.6407963576520548 0.1253437407904708 0.08961491748103743
3 0.5238886709575197 0.533024169308846 0.03924313379888588 0.06970049137414051
1 0.5726782492800683 0.3750482333954048 0.02640353485689162 0.08625154719918372
1 0.524491798166239 0.4657003697374047 0.03652488988536867 0.06864919062792196
1 0.5799295800749569 0.737762341006997 0.06794333612941376 0.23487308437840618
