2 0.8163384455523555 0.2869063265806421 0.07678505666172707 0.15045720562095155
2 0.818932535304441 0.4259495372924181 0.08612377976923441 0.07989796436422943
2 0.3676300966941301 0.9162004173552262 0.0213128731358146 0.04699761768410411
4 0.3333382303025308 0.8850508335413432 0.016121275833500873 0.04262574627162948
4 0.8227243485454256 0.5006029275517374 0.09424741767167974 0.0660264394988039
4 0.3584093869086763 0.10037083746390736 0.1251307522759588 0.1709232828960969
3 0.2398247527049164 0.3101449016539327 0.05537701377319028 0.10542931468357387
3 0.31596814664305306 0.4216976361297342 0.061766669208558396 0.06655891078508441
3 0.3463988806539937 0.7150200936437949 0.05330037575669564 0.09547210163012522
3 0.35225606480308114 0.82249942277955 0.05095750209706051 0.16868690349371815
3 0.37919911188888333 0.8181065346677338 0.006442902563996214 0.0005857184149087402
3 0.30188428112092885 0.7355202381656034 0.049786065267243204 0.1563868167806328
1 0.3150781356131212 0.37480743461282934 0.09371494638539907 0.015263835578445614
1 0.30084789984140126 0.8261481250293593 0.037805461325927964 0.08359799194606608
