2 0.6741333278129116 0.41691369549216895 0.1513279046814412 0.14682341650174166
2 0.5300226569536067 0.3116158078503641 0.046547143029894184 0.04215590327305155
4 0.6936812796250779 0.5578863652780657 0.09687652981628206 0.13475444045183957
3 0.32495175322756337 0.4964870080732156 0.09309428605978848 0.11329398963879918
3 0.3116220296997132 0.41653119510255143 0.053006885705328986 0.04030117696877765
1 0.4645931822371206 0.36431068682794987 0.021077951720957833 0.05620787082855143
1 0.461139020116685 0.4390489603925821 0.03349108275689928 0.09607990941241712
1 0.4630720049382451 0.5265606877472286 0.03161692734106019 0.0813850126124038
1 0.5159706891663433 0.36211506717698555 0.016686711652226266 0.057086118810247645
1 0.5276810107995873 0.4400459137938635 0.04010735475846214 0.09315310880664905
1 0.529203237736628 0.5301241141104582 0.03788231962060763 0.08747391353056354
