2 0.7201573154980112 0.36873375579800455 0.022296308612965277 0.04888036888226985
2 0.48990505155258146 0.5616825803332796 0.06774647617016331 0.07460687882030656
2 0.5495047995757 0.5488193253642614 0.04973791921353775 0.06603137550762707
4 0.7540305535830929 0.3717351819574421 0.031729362256911885 0.04630771788846616
4 0.4894762763869484 0.6058464223935764 0.06517382517635979 0.03773221457578721
4 0.548218474078799 0.6071327478904783 0.052310570207341416 0.07117667749523492
4 0.4894762763869484 0.26368384021768776 0.03773221457578721 0.07717952981411028
3 0.48261587373680526 0.5016540571445277 0.051453019876073466 0.06431627484509192
1 0.6408339098557311 0.30784768227798415 0.05059546954480551 0.059170972857484475
1 0.7433111744422441 0.32156848757827045 0.06345872451382391 0.04716526821973403
1 0.4817583234055373 0.4223306515022477 0.05145301987607354 0.10462114041468268
