2 0.7006420426093478 0.660174242476816 0.2106400878693323 0.19196264165431756
2 0.7426608289730064 0.32021020742127343 0.05061642918971562 0.042934995774866154
4 0.7413214650415558 0.36028589395830957 0.04711686013690736 0.03814676828532032
4 0.6975291349068455 0.8228452693614823 0.21271535967099775 0.21582826737349983
0 0.7027173144110163 0.5229684940204111 0.16705938003429785 0.12244103629842967
0 0.3061030190842428 0.15742978265376878 0.12555394400093187 0.04876888733920535
3 0.381331621894718 0.3763709577297742 0.026978533421687684 0.3704360165977917
1 0.7500721720624274 0.4203674636911989 0.06509303659489298 0.08736745531811865
1 0.3049509985754263 0.5998151223437386 0.12585684948452291 0.12150026623313574
1 0.48284481467374313 0.6208719413921112 0.15344854340997638 0.13553814559871719
