2 0.35929288928711695 0.35364569147069164 0.05823433817197439 0.0439815767056986
2 0.6442023355632099 0.3955310779307141 0.09442464831178234 0.03205931289485042
4 0.3605233719473931 0.3968150079896211 0.058209658438749104 0.04366713956842181
4 0.36550231329202904 0.43730202560752957 0.04516785980559857 0.012528919531509301
4 0.6435314467240439 0.48875938210948305 0.09197886998105725 0.031167134482582542
0 0.3684933869612663 0.47456057428086895 0.08245619195172849 0.0620628264175206
0 0.644753438282202 0.34300943945712187 0.09825638919635567 0.0758117241805453
3 0.6613847542671604 0.24393907822368374 0.09450458703721906 0.027092028268801895
3 0.6628092128031174 0.27771890613926203 0.1200967460397138 0.05684157413050131
1 0.2264028395422145 0.4429483768683663 0.1472926741787033 0.12137240050350907
