4 0.5456559091340041 0.4360287358289207 0.06732097276752157 0.039216100641274704
1 0.46428250030335877 0.3936263270105425 0.09411864153905909 0.05735354718786418
0 0.4812761439145782 0.6196091069558878 0.0679745744448762 0.04951032705960892
2 0.4874853598494462 0.5683830754932228 0.09738664992583201 0.06470656605810331
3 0.46722370785145423 0.49264698112976096 0.07647139625048543 0.08480481763675639
1 0.7417364123403769 0.5355395912061551 0.03594809225450163 0.05392213838175266
0 0.4521908692722991 0.43578363519991276 0.052941735865720714 0.025000264158812513
2 0.5440219049406173 0.3968126351876461 0.058824150961911584 0.03823569812524268
4 0.7198407561489982 0.39607733330062217 0.02875847380360126 0.022059056610717147
2 0.7191871544716436 0.37352807543188926 0.030065677158310523 0.02500026415881239
4 0.6034996575798837 0.4330875282808251 0.03006567715831039 0.03431408806111531
2 0.6289901229967123 0.4311267232487613 0.027451270448892184 0.03235328302905145
