2 0.11709977384830086 0.5763723816486818 0.055818661610878326 0.064119748817552
2 0.24301227802402564 0.47940684417923285 0.08165272061464815 0.04357045807836938
2 0.43850493169250915 0.5066956433954996 0.042736249455034694 0.017939826352104296
4 0.21608716386087945 0.5570209845859606 0.03796517426253078 0.05312285822004182
4 0.0765251351986857 0.5814855571433736 0.024582746068770166 0.05098391740316765
0 0.21852612071567257 0.6018478804776612 0.026454590592938663 0.04160202479378479
0 0.150999658273641 0.3961874199566671 0.061060260373590254 0.05778709489546255
0 0.24545460547446082 0.5625728491432553 0.026761347822141072 0.04191229058836655
0 0.24293727401454576 0.602623544964119 0.02703195268022946 0.04274649921170007
0 0.4851985472300481 0.6284627288462219 0.0902743233725709 0.01971508211584876
3 0.28057572260989017 0.38498710208165776 0.2003603176214098 0.08144929333715092
3 0.34812325617516066 0.60816362022364 0.09777997528933831 0.03884100635049926
1 0.2719495001010435 0.5706927620783445 0.030804123999709138 0.10841451433663783
1 0.09181229166146884 0.41307166005386237 0.06680894425910809 0.089211943531623
1 0.4218564773726313 0.385267937742437 0.07881055101224088 0.060808140882541134
