2 0.4150816515792705 0.3320110119444037 0.10206925858506652 0.023816160271863954
2 0.6273006516817747 0.6930810142214021 0.036574817737540205 0.033172508910843446
2 0.6763520389509645 0.1615907368243673 0.019752491495400377 0.02800741412952047
4 0.6952330971435606 0.16326335385178262 0.016847713606578055 0.0273049151554887
4 0.6693805710920873 0.7023901892622836 0.04066689491243011 0.03543829413797482
0 0.6984283531723944 0.7070378343951327 0.01161911283212305 0.011038157190516672
0 0.24078528562398074 0.11996733992543175 0.04501458397082439 0.033114471704023575
3 0.28653080327363883 0.12229116255809316 0.03601924977958095 0.033114471571550175
3 0.5851420029793943 0.6834943123496275 0.03950498378882167 0.02149535873942724
1 0.6836139838060221 0.3854640689342774 0.20740116006329 0.21785836308530768
1 0.7242011510784279 0.1664134053766592 0.03527883784709572 0.027244143710064943
