2 0.8059370442391837 0.41941042195580186 0.07140252795333014 0.12639548860884728
2 0.7779067604811594 0.6181141547225327 0.030474929127701954 0.03260108697382059
2 0.6464393336628175 0.6053572076458202 0.07087192820395799 0.03968827979421647
2 0.5202873014597721 0.5908284623640089 0.055280103999087234 0.030474929127701743
2 0.41929480376913203 0.5812607520564745 0.044649314768493514 0.02693133271750419
2 0.33637464777050113 0.5706299628258809 0.03897956051217697 0.024096455589345853
2 0.4111445320256768 0.26552631190784165 0.03260108697382071 0.06024113897336418
2 0.44374561899949777 0.25666732088234717 0.03401852553790001 0.06378473538356226
2 0.47974966629590954 0.248191663602341 0.036037882536956334 0.06347957290913432
2 0.5182672196496282 0.23959547143756235 0.037029750863661524 0.07075327397163933
2 0.18408682635955528 0.2957635501462571 0.0820005780872241 0.14909196015858922
4 0.18346496642110968 0.4337696872995025 0.08801178285631021 0.1328977921130281
4 0.26443580664891503 0.5270621771271914 0.042245655771028796 0.07392989759930053
4 0.3010620572164612 0.566279686453205 0.03140916367899873 0.022812971514219686
4 0.3762787386582741 0.5747105672301988 0.040335978619345667 0.02711106759660929
4 0.4670346905518019 0.5846292504972509 0.04992403911082945 0.029094804250019805
4 0.5794464342450605 0.597854161519987 0.06248770458242902 0.0343847686591144
4 0.7229367188417494 0.6143853002984074 0.08100258001425971 0.03901348751707204
3 0.8069246974216514 0.5451620472603199 0.0715162184603579 0.13981098563871722
3 0.673234469218731 0.2046546467531217 0.23065591179106323 0.11726082666473041
1 0.8041441460279075 0.2751326655556668 0.06735761771450587 0.1558010983657256
1 0.40936993437941394 0.2197822753467903 0.026357328670893524 0.03221451281998089
1 0.3487480784363589 0.2622468604276742 0.08902919906612905 0.08902919906612906
1 0.2670403595565892 0.35684038443543625 0.041586007458520806 0.08961491748103775
1 0.2670403595565892 0.44235527301211275 0.04275744428833828 0.08492917016176783
1 0.6424858635130939 0.7372644949186652 0.13061520652464992 0.25185891841075964
1 0.5256350397387997 0.7097357294179543 0.10308644102393894 0.2132015030267825
1 0.18127984941425615 0.5987420897927475 0.11304365407738753 0.19152992167515911
