2 0.2347047406131827 0.43925202135611763 0.03300441857111628 0.03212430074255347
2 0.42326998538282723 0.2630084261863567 0.025523417028329994 0.0510468340566598
2 0.45750048736755516 0.49542037955163964 0.0409862944919513 0.056635606934332755
2 0.3744100903520538 0.47492723230566397 0.0203689463535758 0.0231013659863725
2 0.4006164786484227 0.5113180937788213 0.0290630088215653 0.04024108913755119
2 0.4265744651599918 0.5079646696840248 0.028317803467166322 0.04098629449195144
4 0.37643957827431473 0.5225722218911647 0.01970791019898479 0.026687795061125417
4 0.44658617207408646 0.26301853758315497 0.02091133742103655 0.050149590913969415
1 0.17947037727600212 0.2521587568434389 0.05636163712209683 0.044417449122712005
1 0.4040122681538619 0.4805673695957291 0.03862322591324854 0.02319942942643968
