2 0.2930532345396516 0.27309407613540143 0.08317201491704157 0.08082914125740662
2 0.29129607929492535 0.6438538327726362 0.05271465734178697 0.05622896783123928
2 0.3964325347710448 0.6769469232149803 0.11538652773702253 0.12827233286501483
4 0.29483207484675605 0.34266571156022124 0.08018095597354787 0.07546442915157453
4 0.2946970638235276 0.6860485664169508 0.05386266543500806 0.05811498112724564
4 0.6412607927408822 0.5836386301622315 0.08362887528067041 0.04890163046073098
4 0.39533520187314797 0.7640076874413047 0.11056020799817447 0.1318217864593619
0 0.37490959324109047 0.568038504554723 0.0836288752806706 0.0871724716908685
3 0.28702840226818294 0.49504041850464586 0.1048904537418579 0.10985148871613443
3 0.6711542531336336 0.7767563331153802 0.1587531191768665 0.1672577505613412
1 0.3972342506253375 0.4514541826592124 0.12686075148508513 0.12189971651080767
1 0.6229613419549437 0.6474150641431554 0.13607410215159949 0.15804439989482622
