2 0.4219820702063042 0.6488274920643788 0.04392888111815556 0.04041457062870321
2 0.5457487485200244 0.3236491866563364 0.042405677194404065 0.014401928103759757
2 0.6327603974802399 0.3158481422667998 0.046806266337219356 0.015602088779073143
2 0.725972876596241 0.30364650873444776 0.04680626633721957 0.01760235657126195
2 0.6593915880655371 0.5864882604126159 0.036524889885368596 0.07613019217070828
4 0.693716183379498 0.5869283193268976 0.0312441829139901 0.075250074342145
4 0.3871685975619923 0.6441729515791075 0.01967342135613663 0.03470172933651867
4 0.4215970849352314 0.6840662782179402 0.042625746271629336 0.042352504308349664
4 0.5150239964931016 0.3277672434962228 0.022184788240640217 0.0141837170718847
4 0.5883065346978392 0.3195843298009048 0.042187466162528796 0.0167295124437614
4 0.6794096405057135 0.3094011483133978 0.04691537185315714 0.02109373308126436
0 0.4638689843189716 0.6600652528348975 0.0327316547812724 0.03835224196593543
3 0.35046537229900837 0.6470056531999459 0.05323026686651345 0.05389151241765118
3 0.37228477007966343 0.6104737861737104 0.08892783895829486 0.013478649844846586
3 0.473076447638409 0.3616220489823723 0.020766380164946127 0.0809356355146627
1 0.5124793228231791 0.4271160171948955 0.0165066098747009 0.1821051799079912
1 0.6138437052362287 0.7283057175138593 0.08229101697064968 0.12365655491311561
