2 0.367226585222498 0.3359970725926101 0.06560878358379477 0.05080680192159712
2 0.5216472587794785 0.36600108947544313 0.054407283947537396 0.03960530228533954
2 0.5220473123379161 0.4324099801761134 0.03760503449315067 0.027603695532206273
4 0.3663215621960403 0.37978523310692097 0.0661906796687952 0.04764274195940757
4 0.5212172942303784 0.4036072322671298 0.052189214986418125 0.03306227755684077
4 0.5221736411018574 0.4560821093060677 0.03716090700603595 0.019425019571336747
3 0.5161645236217278 0.5363840743519432 0.03716090700603587 0.02869040614436585
3 0.5208096369974823 0.49949640930918704 0.036614423079476384 0.028690406144365993
3 0.29247405520195535 0.4525602263452127 0.07087192820395803 0.09780326092146197
1 0.5211803277153276 0.47517956358723706 0.045705928403145746 0.0240949731255715
1 0.4331218950038335 0.5905621926267001 0.035521455226358335 0.05365478551673625
1 0.6754066409065916 0.6298305569902642 0.1716815763198319 0.1999807372516723
1 0.32119547657638725 0.6048329648338032 0.15753199585391048 0.21601692844638204
