0 0.6124245165425399 0.5947317375679902 0.051486892970941465 0.05940795342801011
0 0.6920751800275005 0.22222186662865767 0.1993466881695426 0.03256435965683528
3 0.6610510265706511 0.6550198088245623 0.2094680431980177 0.06908924954220234
3 0.6940554451417672 0.23850404645707557 0.23587157805491057 0.039605302285339275
3 0.6898748854560927 0.2754689952567259 0.15710103239851358 0.04840648057097054
3 0.6089040452282876 0.5375240787113892 0.04532606817099968 0.04532606817099961
3 0.4414125670735545 0.23047725068279132 0.11265508205607644 0.04972665731381503
3 0.234646588222516 0.4035353709264335 0.024600173426167427 0.2770448102518354
1 0.31606144789483126 0.4571286058905836 0.06911477295923177 0.07028620978904933
1 0.6736425401966192 0.4770430319974806 0.09430066480030753 0.07848626759777155
