2 0.223705810471563 0.4243044233252766 0.1631918280402797 0.12640291882888718
2 0.714613384670845 0.5064556052198919 0.02600348129845508 0.052807069713786035
2 0.3653427783688255 0.7102796472845699 0.033604498908772984 0.14001874545322054
2 0.39074617932962413 0.6386700603242086 0.024403267064704224 0.0368049273762751
4 0.22734465656127634 0.536459995881901 0.16119358030133185 0.1060101924504255
4 0.3909585608911568 0.6959593493632488 0.020814786645517436 0.08906792425058566
4 0.7397272534049993 0.5062059455250443 0.02420324028548521 0.05034273979380941
3 0.7099572678538525 0.4486022336455893 0.0914882482791343 0.043565832513873415
3 0.2365739346641942 0.6880174762183624 0.16558259589470178 0.20939433332987584
3 0.3763849203029104 0.5868639059636209 0.06249615487076297 0.15785111281790548
