2 0.3335118308729869 0.5709275226141702 0.055643249416330615 0.15404394312099942
2 0.6380854066255333 0.734928678788619 0.10952934358793463 0.2969592363587329
4 0.7526569705681853 0.7923293129676254 0.15733568061278785 0.36357299168630386
3 0.32246511648243353 0.4570781610953283 0.020682768971232415 0.07304977977073683
3 0.3939746900531865 0.3329815472679322 0.03872518445677642 0.0255234170283299
3 0.39771519082457973 0.36334561235335916 0.04972665731381511 0.02816377051401929
3 0.387593835796104 0.3959099720101939 0.028603829428300784 0.01936259222838821
3 0.4232386078529097 0.3272607813822721 0.01452194417129121 0.023763181371203715
3 0.3856135706818371 0.4284743316670287 0.02640353485689289 0.022883063542640584
3 0.7556064629874278 0.4017614981167527 0.21230030531066757 0.4531355978942732
1 0.3127756406749493 0.27901051124860465 0.029483947256863593 0.07613019217070817
1 0.3818648902171531 0.250186652363163 0.03916524337105767 0.09857319679906715
1 0.7339878872406996 0.13064779296866336 0.27921838786082576 0.20281065334485648
