2 0.4509148302769917 0.6106236653971908 0.06628533246253258 0.04689213218202295
2 0.4944064183970676 0.697928014188202 0.03542873889659531 0.011270892841286134
2 0.47410443434052285 0.6865170586750184 0.035870300989887687 0.011853731003049034
2 0.4239637269135181 0.5551545737223487 0.036177069756685235 0.011234407127656719
2 0.49790098314635145 0.5570107926166554 0.03630161154397508 0.011264147162078566
4 0.4607139256018026 0.5564552570044684 0.037019159094163145 0.011748595401141487
4 0.5364059489540015 0.5580285888011872 0.03717066145801862 0.010889129668129341
4 0.450496917564232 0.6565952584094323 0.06676045844596047 0.04636738522443957
4 0.4375091869320788 0.6846617656694441 0.03665166691821055 0.010625805907961966
4 0.4576371163401667 0.6962269737193831 0.03595129424984262 0.01075123499982757
4 0.5250021890350064 0.6999923350771756 0.024873117296541184 0.011724813526337809
4 0.5109638023395195 0.6879272025812478 0.036750399992006126 0.010811852502240739
4 0.43885541901134417 0.35693354919825226 0.03478716021973765 0.024348132978381
3 0.5137230118758402 0.644751534362517 0.06047201557417769 0.07949143982734644
3 0.4538375143963561 0.47204711305776165 0.06675454819681349 0.04532248668953951
1 0.6168726708702554 0.6308613219733441 0.028081920373358313 0.1945865428460415
