2 0.2706808848672584 0.43587961452985724 0.1140541940586295 0.06603137550762758
2 0.8213935089290285 0.6026731539614617 0.07229251939132743 0.041162415900858756
2 0.7251777597230449 0.5259097473708121 0.015301549943661855 0.012295888347585446
2 0.7247678967781255 0.4806882024480258 0.026504470438128466 0.021859357062373946
4 0.7402060677034271 0.5252266424626129 0.014208582090543018 0.012569130310864977
4 0.8216105852615962 0.6403333182951466 0.07075327397163975 0.04000535584377738
4 0.2696358614501403 0.4976695906373793 0.11538734867337419 0.06480206401140758
4 0.3266682902356908 0.498826770351869 0.0013224911022736308 0.0003306227755684432
3 0.57649911528369 0.5024691021740607 0.0368049273762751 0.05840781953191488
1 0.8209318394891679 0.48566685271967414 0.08641156862255933 0.07681028322005239
