2 0.4843777498719557 0.546915800805303 0.10290603975214702 0.07562034739362311
4 0.27335290447423044 0.6474559003359629 0.08362887528067038 0.04961034974277048
4 0.5880242656998038 0.6787692539103941 0.09638582235738273 0.055191955797967714
4 0.48277945231692626 0.6180440501313204 0.10134685733165995 0.0729980860500767
0 0.5336766299741404 0.8804841574378708 0.19070991589428693 0.13594524410031952
0 0.8189338235294119 0.32536764705882354 0.1158088235294119 0.5477941176470589
0 0.2725665481051495 0.20704365235592148 0.07268236223239344 0.0808796211307839
3 0.25796255624029546 0.5817001879754844 0.07614339393813699 0.0720433650337754
3 0.6029507026215452 0.47890660615899977 0.08200057808722405 0.0773148307679542
3 0.5484788900350321 0.1661329725977308 0.2975449547736418 0.03865741538397731
1 0.590752735255159 0.5718461585422027 0.11665961817603926 0.11569148856461947
