2 0.4885739815452451 0.7733139954029474 0.18944628161734545 0.37971754631288573
2 0.24775755903317428 0.09131882559713599 0.060169255349716316 0.1794428234765879
2 0.6697410534106103 0.17917658783344748 0.08093563551466249 0.1517543165899927
2 0.31005669952801523 0.14536466115462246 0.21352098579855108 0.16506609874701023
2 0.4904478790371583 0.13748299739162895 0.15539808213526318 0.04402261786482327
4 0.4833826844035884 0.4297967866523089 0.20590846816152847 0.39675046304294526
4 0.4430033498649184 0.18189468738299885 0.05040674836315945 0.09041210420693671
4 0.4966105266955792 0.19509645481144502 0.04720631989565724 0.08481135438880803
4 0.5456170876042064 0.20129728496723082 0.042005623635965994 0.07641022966161483
1 0.6527032639908069 0.5674614859908401 0.1359303030092731 0.7091357648457346
