2 0.6380944962939212 0.141762878968167 0.024646425087826964 0.0886670170842547
2 0.4144137579946876 0.09020063589594647 0.20558716363296867 0.14760104055700332
2 0.33513663922995385 0.631039862035085 0.06480206401140762 0.041327846946051065
2 0.4657326355794747 0.6655899420819834 0.06347957290913413 0.04165846972161925
2 0.46655919251839584 0.6402972997510004 0.0009918683267052587 0.009588060491483858
2 0.3814415067389859 0.8083375009616262 0.23925654242374195 0.38332499807674764
4 0.27108623806941223 0.08275360696735155 0.07975218080791409 0.1655072139347031
4 0.6001400686894357 0.11613994879039297 0.06200830155785463 0.12361654955727182
4 0.2808767887222444 0.6174735207314618 0.043809042046493475 0.032066412219598966
4 0.4006741949370115 0.6484108339292449 0.06661684228719307 0.042454123220309004
1 0.6641328289709452 0.5066913889581004 0.05000327928017944 0.10246573622987822
