4 0.3526026141415346 0.5901848993862003 0.05153422822068585 0.06645203112667396
0 0.8213321162125291 0.5739983697961314 0.0715269378629902 0.11816113378029364
3 0.4449986041154307 0.6699122442981809 0.12554514334492334 0.20439361751886906
3 0.27046329617598475 0.6743090036323361 0.10189060109273944 0.08864482295068338
3 0.26248778770054043 0.5933544830792743 0.1055957138597482 0.09077526279171337
3 0.7492469774663089 0.6081749341473083 0.08058620268243993 0.13338405961231323
1 0.38814375082660846 0.5558250125738149 0.24963197267721163 0.0458507704917324
1 0.6037442627388458 0.24358126552511494 0.031382305136563815 0.08181815267746988
1 0.7791489325199982 0.3517381385850586 0.041469474644742495 0.06724779672120743
1 0.8318263732849435 0.4414018675466692 0.08405974590151041 0.203984983387664
