2 0.4004951329802627 0.3560298862494781 0.05760371187945495 0.039209249262485694
2 0.4407979024957838 0.4152417403294726 0.04109641100315308 0.020366362975013815
2 0.5195357164973999 0.41596911043572304 0.03636850531252477 0.016729512443761436
2 0.5971824753396404 0.41724200812166146 0.036004820259399536 0.016365827390636127
2 0.47280218717080574 0.3857832510263281 0.07310069567817512 0.04582431669378132
2 0.5309917956708453 0.3863287786060154 0.05055222238440948 0.045460631640656
4 0.4020909999124228 0.3909113258166644 0.055280128075038064 0.03382270994064808
4 0.3999088895936713 0.4154600669026184 0.042187466162528914 0.014547402125009943
4 0.48064697138747625 0.4165511220619941 0.040732725950027915 0.01745688255001191
4 0.5590211003359673 0.41782401974793243 0.04109641100315308 0.016365827390636127
4 0.5877522195328629 0.38854737297135017 0.06291751419066902 0.04364220637502989
3 0.20940305352625735 0.4083602637689833 0.08519540580490763 0.10697832206184472
3 0.7194844450912256 0.4410346381543885 0.04501802693100215 0.0861635354163275
3 0.7710373468993089 0.41804155988317754 0.06099216551942271 0.08858385944487614
3 0.8315454476130225 0.39795287044622485 0.08616353541632767 0.12392059026168462
3 0.7268363967415026 0.51918194183997 0.02856620525196604 0.07625934793350936
3 0.33288782847910825 0.8849877448909922 0.06800910493442128 0.13481804919352938
3 0.525513616866896 0.8259798450214206 0.08201097947974353 0.19682635075138422
3 0.6545308894630777 0.8503831120861247 0.17282313724511764 0.12561681734946026
1 0.3450809442469335 0.36967926992487465 0.058039370204593724 0.08892270480887284
1 0.6680143762569665 0.3837415492589994 0.03934411029264041 0.05587524907106087
1 0.711491271244212 0.3855599745246254 0.050254661886397684 0.05289964409094512
1 0.755298789007026 0.3882049567291729 0.03669912808809329 0.05686711739776605
1 0.7721555366005005 0.9701283608396547 0.059743278320692345 0.059743278320690936
