2 0.8147530121696619 0.35784658433078925 0.07299808605007685 0.09213350666514598
2 0.3849147676126566 0.29689672607538553 0.051027788306849675 0.060949858255404485
2 0.2917181820244508 0.3134812652773365 0.05173650758888915 0.060100411121406905
4 0.30021888613488307 0.3657442652632546 0.05025466188639773 0.05686711739776589
4 0.38370113696590613 0.3541724681183603 0.044634074701735436 0.05488338074435558
4 0.7983403855013478 0.5746048948215305 0.05521400351992412 0.029094804250019736
0 0.8100774940340264 0.5228624304450749 0.04099722417048255 0.045295320252871744
3 0.4676305996336274 0.6739298091081908 0.2135300324857047 0.2555499987178311
3 0.6670110516534125 0.3261931497790599 0.10633624107721819 0.16207701260963142
3 0.4123186032668488 0.43167184052501106 0.06345872451382403 0.1191994960462373
1 0.7557675109396397 0.4483940719847355 0.09347298610820019 0.13034765035271959
1 0.7266107996765314 0.33991395507934674 0.03515956358198384 0.04201996623212674
1 0.47834997877447677 0.38150514614583997 0.07717952981411026 0.15778926095329202
