2 0.5250166882727464 0.2768274132917314 0.03407816232196325 0.050584772196664185
2 0.6249447562646395 0.5766064878242807 0.09805763026472808 0.595251248508419
4 0.5031736647129292 0.21746760401115472 0.038870403898489364 0.12566322356223977
4 0.5274011082386999 0.3175722058319217 0.03301321974940201 0.05218218605550622
4 0.7150297110853081 0.5316102139482736 0.07909898472058728 0.4632940533634394
3 0.39772478358920776 0.22569610490901276 0.06314688802972657 0.17384883988430888
3 0.5400001794586535 0.39369801071649535 0.042097925353151024 0.09666931007019876
3 0.4386533221269937 0.6618773870402722 0.15591824204870766 0.268179376323777
3 0.36385357244127187 0.33366948752774306 0.038979560512177706 0.07016320892191807
3 0.1080155759788309 0.32317399925099255 0.1485797760283158 0.034353556471227495
1 0.7899001688393664 0.47711427021255404 0.05846934076826527 0.14812232994627209
1 0.7879511908137572 0.5710550110469004 0.05301220229656058 0.058469340768265404
1 0.8436919623461708 0.4393040965157423 0.017930597835601518 0.155138650838464
1 0.4858595968443866 0.3508204941531008 0.07250198255264904 0.13408968816188865
1 0.5345840474846077 0.48958772957645047 0.049893837455586405 0.09978767491117281
1 0.8024635143457245 0.37421129540284476 0.031570222563581524 0.07280479897315711
