2 0.6712769416471354 0.3884766449552024 0.14540287238381105 0.053219351983617144
2 0.5483782327453639 0.47535709980997914 0.021945489522886986 0.04315946272834452
2 0.568494931474677 0.46548162952468003 0.018287907935739298 0.03413742814671316
2 0.5425970972617604 0.5417409302080558 0.0079831565515601 0.006606750249566886
2 0.5620044261198632 0.5413968286325576 0.009634844113951786 0.007570234660962072
4 0.6701409616836099 0.5454728689612286 0.14635321795494677 0.054882456733105024
4 0.5694244800275619 0.4963438973413684 0.01850736283096822 0.03272316326634936
4 0.5495760039479726 0.5159241507712333 0.023871815825452072 0.04130628805752292
4 0.5519900077954905 0.541539413819892 0.009924238039794631 0.0067055662431044286
3 0.4763477231495704 0.28213590044013365 0.10817260069962462 0.07101540520056811
3 0.5552200775284302 0.39919727778020936 0.018110722758113776 0.036592680699476146
3 0.556598799824309 0.42954403112641404 0.01241518484397794 0.03406605597432964
